2 0.00072898297,-0.00040432782,0.003013537,-0.00037050017,0.0028933058,-0.00071270455 -0.0015099581,-0.00040235423,0.0013618512,-0.0005094649,-0.0041290694,0.0003305414
3 0.0004320477,-0.00046611187,0.003925691,-0.00014385847,0.0023659759,-0.00055866735 -0.0011893456,-0.00031624874,0.001961527,-0.00038280844,-0.0038435617,0.00041751185
4 0.0014021697,2.0849706e-07,0.0058169663,2.3352266e-05,0.0017842215,-0.00020234949 -0.0013390388,-0.0008267733,0.0014818925,-0.000641029,-0.0046868315,-0.0002995389
5 -0.00093498477,-0.00025126946,0.003355337,-0.0005371335,-0.0010011446,0.00042086653 -0.0019290635,-0.00018638068,0.0014977168,-0.00069865934,-0.0052799396,0.0006292381
6 -0.001478216,-0.00032204547,0.0031914162,-0.0007012215,-0.0021070193,0.00039134297 -0.0021289513,-0.00021889055,0.001517007,-0.00089437165,-0.005278578,0.0007150972
7 -0.0017236478,-0.00033988417,0.003430809,-0.0006560159,-0.0030677472,0.00016732133 -0.0023669936,-0.00033618146,0.001558398,-0.00096014136,-0.005214428,0.0006112246
8 -0.0026455561,-0.00034619035,0.003678612,-0.00070174935,-0.0048261276,0.0003272933 -0.0025178257,-0.00027008925,0.0019800111,-0.0010314577,-0.005385163,0.0006018255
9 -0.0024957017,-0.00031143197,0.00399776,-0.00042904617,-0.0045492174,0.0002309134 -0.0020981834,-0.00023557745,0.0020494787,-0.00090667774,-0.0047205565,0.00048386696
10 -0.0021495798,-0.00022429586,0.004705047,3.1216741e-06,-0.00383759,1.5778982e-05 -0.0017112375,-0.00019234647,0.0018945651,-0.000817889,-0.004033359,0.00034211876
11 -0.0017227505,-0.00019477913,0.0044645607,0.00011010934,-0.0028670316,-0.00013349287 -0.001336463,-0.00018966726,0.001845992,-0.0006800553,-0.00323252,0.00031642275
12 -0.00044469087,-0.0001681724,0.0038244342,-7.686605e-05,0.0018997419,-9.841262e-05 -0.0007930562,-6.557231e-05,0.0017786918,-0.0004983877,-0.0034891365,0.00037190953
13 -0.0014192145,-0.00012863422,0.004890762,0.00029047506,-0.0021674165,-0.00036582554 -0.0011371655,-0.0002047575,0.0016200786,-0.00076018466,-0.0031439068,0.00026550202
14 -0.0011387648,-0.00018418104,0.006007074,0.0003675761,-0.002202151,-0.0005119032 -0.0015072101,-0.0002715965,0.0018437403,-0.00094037247,-0.003911209,0.00031043997
15 -0.0006426756,-6.961404e-05,0.0053385403,0.00048531737,-0.00022004891,-0.0004647305 -0.0005384892,-0.00019934707,0.0017680875,-0.0006628583,-0.0025604477,0.00016348323
16 -0.00049613765,-3.4630146e-05,0.0051976587,0.000475037,0.00020051298,-0.00043281927 -0.00045108795,-0.00019228205,0.0017617499,-0.00059294654,-0.0025175994,0.00016554774
17 -0.00043684497,-3.6088502e-05,0.004802219,0.00044603666,0.0004904456,-0.0003521098 -0.00045111653,-0.0002065668,0.0019351214,-0.0005278741,-0.0023622634,0.00011108601
18 -0.0003975745,-4.550213e-05,0.004629207,0.00041364142,0.00063040305,-0.00030856748 -0.00040236433,-0.00019041539,0.001928798,-0.0005010448,-0.0022615828,0.0001232226
19 -0.00029295209,-2.2518876e-05,0.0049101277,0.00047364944,0.0011474619,-0.00025757213 -0.00021627643,-0.00014927944,0.002099151,-0.0004684777,-0.0021971522,8.7691e-05
20 -0.0003142343,-4.1928084e-05,0.004960445,0.00043023238,0.0012285436,-0.00022669854 -0.00016972209,-0.0001307603,0.002080638,-0.00046609016,-0.00216752,9.9759935e-05
21 -0.00026269644,-3.5141446e-05,0.004889004,0.00036963914,0.0016134481,-0.000213498 -7.820737e-05,-0.00011069721,0.0020905733,-0.00044464812,-0.0022388117,8.772666e-05
22 -0.00020876083,-3.144002e-05,0.004941174,0.00032973912,0.0019684802,-0.00020604309 -0.00013956464,-0.00011044382,0.0021381062,-0.00043467924,-0.0024692328,9.596311e-05
23 0.0010448208,-2.6967877e-05,0.0051795887,-0.00016800879,0.0034687992,-1.055209e-05 -0.0018877377,-0.00037238366,0.0024357678,-0.0004027581,-0.0051571624,0.00010421223
24 -0.00015858222,-7.51191e-05,0.0044899867,0.00018346081,0.0021078382,-0.00032734402 -0.00020682704,-0.00018734549,0.001967181,-0.0004854778,-0.0027255702,0.00014809573
25 -0.00036803161,-0.0001590791,0.0057290597,0.00020985042,0.0019647775,-0.0004234866 -0.00017367589,-0.0002621298,0.0021489884,-0.0005977957,-0.0029037977,0.0001735155
26 -0.00048117814,-6.975957e-05,0.005131258,0.00028181123,0.0014314005,-0.00014205155 -0.00010290062,-0.0001068429,0.0022365937,-0.00048212853,-0.0023282755,0.00013136689
27 0.0040043034,-0.0008845538,0.005238068,-0.00060716737,0.0036592118,0.00022933086 -0.006806615,-2.231543e-05,0.0012405723,-0.0019818917,-0.011325133,0.0007628408
28 0.004374773,-0.0017419185,0.009801001,-9.184008e-05,0.0034793569,-0.00084677024 -0.0053051827,-0.0019211547,0.002275693,-0.0013791004,-0.008875246,-0.00023889792
29 0.003569126,-0.00060671143,0.0062563624,-0.0013016828,0.005265383,-0.00040105905 -0.008320079,-0.0005493167,0.0003283084,-0.002348115,-0.013914118,0.00023505345
30 0.009994937,-0.0001353138,0.0092440955,0.00022887447,0.00694914,0.00084895024 -0.0079211155,-0.0013732165,0.00021159733,-0.0035473127,-0.01636744,-0.00011856804
31 0.005275938,-0.00046966338,0.004690653,-0.0002819891,0.005242672,0.00017443026 -0.0050598704,-0.00010335296,0.0011807306,-0.001739094,-0.010764344,0.00060747744
32 0.004608355,-0.00028039285,0.0017932799,-0.00070140004,0.0070201526,-0.0005354919 -0.0023573404,-7.0512244e-05,0.0015293577,-0.00040948918,-0.0073285745,0.00030042205
