2 -0.00016305754,-1.0905581e-05,0.0003057192,0.0001352734,-0.0012744904,5.4556822e-05 9.834339e-05,4.0812945e-05,0.0002938351,0.00041195026,0.0011148669,-7.321459e-05
3 -0.00016670329,-5.8399964e-06,0.0002806082,0.0001322182,-0.0011514889,6.26773e-05 7.96358e-05,3.962572e-05,0.00024020756,0.00037090923,0.0009805902,-5.6044886e-05
4 -0.00018173274,2.5722861e-06,0.00032350657,0.00016953278,-0.0010611464,9.56704e-05 1.9133653e-05,1.9846077e-05,0.0001826447,0.00034919134,0.0008717079,-1.4922359e-05
5 -0.00013420175,-8.474399e-06,0.00023334898,0.00012517149,-0.0009901361,4.716127e-05 0.000101562946,2.4774441e-05,0.00035614654,0.00036603623,0.00092718547,-9.0843634e-05
6 8.004207e-05,-4.055183e-05,0.00027271235,0.000113755974,-0.00050913956,-5.0164363e-05 -5.4512362e-05,9.798983e-06,0.0003858209,0.0004230237,0.000637582,-4.775529e-05
7 -6.2756306e-05,-1.983123e-05,0.00017328456,6.114606e-05,-0.00071866956,1.2689761e-05 0.00018442151,7.741833e-05,0.00025884013,0.00039898534,0.000948392,-8.551788e-05
8 -0.00034009048,3.3750974e-05,0.00060350937,0.00012831786,-0.0013149631,0.00014291093 0.00012741184,0.00040224145,4.595678e-05,0.00051557965,0.001479173,-0.00012108589
9 -0.00049909623,5.138105e-05,0.00081022084,0.00017357142,-0.0016837764,0.00020516265 6.2476865e-05,0.00047781022,-5.7577316e-05,0.0005177764,0.0016455823,-0.0001336863
10 -0.00034031848,2.326961e-05,0.00056858064,0.00015963912,-0.0012468637,0.000127064 2.8647799e-05,0.0003055773,-4.9145387e-05,0.00035960862,0.0011111306,-5.409743e-05
11 -0.00018468029,-7.0780816e-06,0.00031517338,0.000117009586,-0.000727422,5.6509074e-05 6.801103e-05,0.00012243062,3.4730554e-05,0.00022670794,0.0006553225,-4.6567286e-05
12 -0.00013890475,-2.066839e-05,0.00015454965,8.924146e-05,-0.00063889445,3.524933e-05 0.00010182978,2.4890083e-05,0.00013622167,0.00021373037,0.0005992562,-5.1906605e-05
13 -0.00014545862,-2.5555788e-05,0.00011600088,6.942335e-05,-0.0007108329,2.3121138e-05 0.00013978829,2.445322e-05,0.00017437304,0.00023078428,0.0006940842,-7.0865295e-05
14 -0.00020395494,-3.118057e-05,0.00015432118,8.25809e-05,-0.0013250475,5.4727883e-05 0.00018335423,4.35204e-05,0.0002795001,0.00042338728,0.0012634776,-0.00012744863
15 -0.00023865407,-1.4380464e-05,0.00015741137,8.253029e-05,-0.0013053687,6.76106e-05 0.00013256786,4.579289e-05,0.00021736322,0.0003598576,0.0011530466,-8.937465e-05
16 -0.00022313836,-2.1321466e-05,0.00023047693,0.00011649017,-0.0012556816,6.980971e-05 8.820275e-05,3.6757254e-05,0.00019837967,0.00039055193,0.0011403267,-6.9351896e-05
17 -0.00017807973,-1.8263383e-05,0.0002466495,0.000118387725,-0.0012077565,5.9398986e-05 6.41665e-05,5.4345222e-05,0.0002035126,0.00042702592,0.0011419287,-6.686006e-05
18 -0.00020081947,-2.7175784e-05,0.00015006863,9.547316e-05,-0.0011681234,4.936656e-05 8.26882e-05,2.411632e-05,0.00021598165,0.00039567042,0.0010955074,-7.802174e-05
19 -0.0001758574,-1.9195606e-05,0.00022433572,0.00010996767,-0.0011953635,4.0805233e-05 8.679609e-05,5.0205665e-05,0.00022799439,0.00040271218,0.0011252838,-7.715481e-05
20 -0.00021066701,-2.8003687e-05,0.00021142772,0.00010845107,-0.0012336414,4.750955e-05 0.000105073304,4.437455e-05,0.00023304745,0.00039644228,0.0011473029,-8.727358e-05
21 -0.00027645248,-2.063392e-05,0.0002351852,0.00011830202,-0.0013474425,9.3796196e-05 6.015983e-05,6.261639e-05,0.00015711873,0.0003815886,0.001135432,-6.995065e-05
22 -0.00025344166,-3.0047631e-05,0.00021358559,0.000106050866,-0.0011873888,7.9817255e-05 7.1904105e-05,3.1516258e-05,0.00018384856,0.0003551551,0.001032921,-7.1106464e-05
23 -0.0002565223,-2.7513066e-05,0.00015076366,9.274751e-05,-0.0012731575,6.7864945e-05 9.941335e-05,1.2568823e-05,0.00022598071,0.0003581765,0.0011072076,-8.575464e-05
24 -0.00028180477,-2.021914e-05,8.2273786e-05,0.00010454486,-0.0013195389,9.110277e-05 7.054639e-05,-8.752805e-06,0.00020446304,0.0003616745,0.0010906097,-7.623658e-05
25 -0.00027416443,-1.7124326e-05,3.354992e-05,0.000102636746,-0.0015638636,8.061567e-05 0.00014051943,3.0640527e-05,0.00025236286,0.00041360798,0.0013127365,-0.000103597355
26 -0.00022860397,-4.6251615e-05,0.000120304096,8.152365e-05,-0.00089808455,5.882322e-05 0.00010501571,-1.878357e-05,0.00019460218,0.00029743655,0.0008455706,-8.435819e-05
27 -0.0001963009,-5.202589e-05,0.00012909312,8.4711195e-05,-0.00079179864,4.7018053e-05 0.00012145244,-8.230769e-06,0.00016452627,0.00026720634,0.00074064016,-8.43522e-05
28 -0.000121297635,-3.4374338e-05,0.00021012705,0.000102609374,-0.000660195,2.7827993e-05 0.00010145339,1.7097274e-05,0.0002051597,0.00027090736,0.0006860131,-7.3279596e-05
29 -0.000121039666,-1.551344e-05,0.00037049316,0.00016093206,-0.001327751,4.492678e-05 0.00016070167,8.419466e-05,0.00038889027,0.00046741983,0.0013055244,-0.00013311855
30 -0.00011390621,3.0979181e-06,0.0003923502,0.00019639192,-0.00093899865,8.675783e-05 1.4272897e-05,7.7741475e-05,0.00016262024,0.0003633966,0.00087182363,-4.474362e-05
31 0.00020085838,-4.976356e-05,0.00088517915,0.00026162298,-0.0006902497,1.54978e-05 -5.9001934e-05,0.00021219421,0.0003143898,0.0005667796,0.0009666694,-5.3286403e-05
32 -9.39798e-05,-3.61351e-05,0.00027978668,0.00012989793,-0.0009128329,4.1483952e-05 0.00012900919,3.6965044e-05,0.00031307948,0.0003658811,0.0009856625,-0.00011043077
